      0.31075
      0.31083
      0.31096
      0.31111
      0.31117
      0.31163
      0.31207
      0.31185
      0.31244
      0.31258
      0.31251
      0.31377
      0.31359
      0.31473
      0.31494
      0.31452
      0.31653
      0.31935
      0.31806
      0.31643
         0.32
      0.31769
      0.31718
       0.3188
      0.32285
      0.32337
      0.32109
      0.31983
      0.32215
      0.32603
      0.32425
      0.32461
      0.32899
      0.32354
      0.32646
      0.32433
      0.32828
      0.32571
      0.33612
      0.33294
      0.33162
       0.3292
      0.33227
      0.34009
       0.3313
       0.3357
      0.33532
      0.34056
      0.33671
      0.33485
      0.34582
      0.34229
      0.33615
      0.34134
      0.33831
       0.3861
      0.33976
      0.34539
      0.34512
      0.34156
      0.40682
      0.36459
      0.34001
      0.35551
       0.3507
      0.34764
      0.36155
       0.4071
      0.36791
      0.34453
      0.36125
      0.35762
       0.3553
       0.3547
      0.37235
      0.43879
      0.39614
      0.35646
      0.35015
      0.36857
      0.36693
      0.36426
      0.36319
      0.36314
      0.38573
      0.47648
      0.42983
      0.40232
      0.37116
      0.35881
      0.36826
       0.3775
      0.37624
      0.37629
      0.37511
      0.37371
      0.37936
      0.39793
      0.52234
      0.49501